100000-200000
sample mean  [-0.20171965  0.95103139  0.45860283  0.26850998 -0.66223453 -0.71429512
 -0.87204815  0.79639775  0.19759312  0.40551757 -0.94012097  0.93293148
  0.71295026 -0.64659918 -0.67184681 -0.61886371 -0.37356725  0.01557239
 -0.18010828 -0.38376621  0.27513509 -0.74671338 -0.42219147 -0.229781
 -0.11234031  0.6042353  -0.59135836 -0.01938548  0.17256181 -0.85959692
  0.29504212 -0.62907053 -0.94329711  0.91423699  0.91577976  0.60529899
 -0.37111287 -0.86396936  0.29904137 -0.16062987]
ground truth  [-0.25091976  0.90142861  0.46398788  0.19731697 -0.68796272 -0.68801096
 -0.88383278  0.73235229  0.20223002  0.41614516 -0.95883101  0.9398197
  0.66488528 -0.57532178 -0.63635007 -0.63319098 -0.39151551  0.04951286
 -0.13610996 -0.41754172  0.22370579 -0.72101228 -0.4157107  -0.26727631
 -0.08786003  0.57035192 -0.60065244  0.02846888  0.18482914 -0.90709917
  0.2150897  -0.65895175 -0.86989681  0.89777107  0.93126407  0.6167947
 -0.39077246 -0.80465577  0.36846605 -0.11969501]
init  [-0.16508047  0.96391539  0.55546481  0.2584362  -0.59770715 -0.60938015
 -0.81352305  0.80260034  0.30166752  0.49291257 -0.86272273  1.00834135
  0.73072772 -0.50426851 -0.54326299 -0.53336628 -0.30438695  0.11332044
 -0.04769728 -0.33342289  0.3006384  -0.62356629 -0.31380845 -0.17383014
 -0.01387254  0.64521794 -0.50652748  0.12392559  0.26164276 -0.81524299
  0.29310177 -0.58015132 -0.77318813  0.9719665   1.01889046  0.6910606
 -0.31107731 -0.71801957  0.44979625 -0.01694595]
0.06451084613652946
0.28116120489745966

1000000-2000000 
sample mean  [-0.25841985  0.92396278  0.46802918  0.18374848 -0.67885244 -0.69389433
 -0.87125348  0.72466605  0.20554027  0.41389588 -0.97063956  0.94379896
  0.64476735 -0.59844793 -0.64458815 -0.62433269 -0.38031896  0.04407775
 -0.11715044 -0.42412389  0.20309754 -0.72993308 -0.40874065 -0.28944522
 -0.07325802  0.5350442  -0.59276939  0.03133856  0.16129603 -0.92878551
  0.23154804 -0.66775851 -0.89622737  0.89375215  0.9134802   0.60779404
 -0.41137492 -0.80385855  0.33662986 -0.11708392]
ground truth  [-0.25091976  0.90142861  0.46398788  0.19731697 -0.68796272 -0.68801096
 -0.88383278  0.73235229  0.20223002  0.41614516 -0.95883101  0.9398197
  0.66488528 -0.57532178 -0.63635007 -0.63319098 -0.39151551  0.04951286
 -0.13610996 -0.41754172  0.22370579 -0.72101228 -0.4157107  -0.26727631
 -0.08786003  0.57035192 -0.60065244  0.02846888  0.18482914 -0.90709917
  0.2150897  -0.65895175 -0.86989681  0.89777107  0.93126407  0.6167947
 -0.39077246 -0.80465577  0.36846605 -0.11969501]
init  [-0.16508047  0.96391539  0.55546481  0.2584362  -0.59770715 -0.60938015
 -0.81352305  0.80260034  0.30166752  0.49291257 -0.86272273  1.00834135
  0.73072772 -0.50426851 -0.54326299 -0.53336628 -0.30438695  0.11332044
 -0.04769728 -0.33342289  0.3006384  -0.62356629 -0.31380845 -0.17383014
 -0.01387254  0.64521794 -0.50652748  0.12392559  0.26164276 -0.81524299
  0.29310177 -0.58015132 -0.77318813  0.9719665   1.01889046  0.6910606
 -0.31107731 -0.71801957  0.44979625 -0.01694595]
0.009413555325850453
0.28116120489745966

num_samples 200000
odeint time:0.2  num_steps:20 15-20 half
1.0054199744875432
25.03123730550515

num_samples 200000
odeint time:0.2  num_steps:20 last half
201.94757262697271
25.03123730550515

num_samples 400000
odeint time:0.2  num_steps:20 last half
373.8250385573231
25.03123730550515

num_samples 400000
odeint time:0.2  num_steps:20 last random 0.8
97.00030598319712
25.03123730550515

num_samples 400000*3
odeint time:0.2  num_steps:20 last random 0.8
13.838954245609123
25.03123730550515

num_samples 4000000
odeint time:0.2  num_steps:20 last random 0.8
sample mean  [-12.48583004  25.34156401  -0.09501746 -15.23671421  10.70277717
  -2.14400087   9.7236031    1.00435814  -3.6620445    0.07190408
  -2.00247583   0.51705987   0.65759847  -1.35538783  -2.89394239
 -14.64088047   0.58807356  -1.91627027  -0.47936268  13.43701913
  -2.81261667   0.46715197  -1.67790598  -0.32593426  -1.35526637
  -1.01962139 -18.94152032  -0.23260969   2.07857851  -1.30701644
   0.08206838  -0.92702322  -0.91036116   0.71518292   0.33100672
   1.80327879  -7.50240596  -1.5300528    1.09457897   2.23153527]
ground truth  [-0.25091976  0.90142861  0.46398788  0.19731697 -0.68796272 -0.68801096
 -0.88383278  0.73235229  0.20223002  0.41614516 -0.95883101  0.9398197
  0.66488528 -0.57532178 -0.63635007 -0.63319098 -0.39151551  0.04951286
 -0.13610996 -0.41754172  0.22370579 -0.72101228 -0.4157107  -0.26727631
 -0.08786003  0.57035192 -0.60065244  0.02846888  0.18482914 -0.90709917
  0.2150897  -0.65895175 -0.86989681  0.89777107  0.93126407  0.6167947
 -0.39077246 -0.80465577  0.36846605 -0.11969501]
init  [-0.75592353 -0.00964618 -0.93122296  0.8186408  -0.48244004  0.32504457
 -0.37657785  0.04013604  0.09342056 -0.63029109  0.93916926  0.55026565
  0.87899788  0.7896547   0.19579996  0.84374847 -0.823015   -0.60803428
 -0.90954542 -0.34933934 -0.22264542 -0.45730194  0.65747502 -0.28649335
 -0.43813098  0.08539217 -0.71815155  0.60439396 -0.85089871  0.97377387
  0.54448954 -0.60256864 -0.98895577  0.63092286  0.41371469  0.45801434
  0.54254069 -0.8519107  -0.28306854 -0.76826188]
2060.739217673527
25.03123730550515

num_samples 40000
odeint time:0.2  num_steps:20 last random 0.9
45.897750719279294
25.03123730550515

num_samples 400000
odeint time:0.2  num_steps:20 last random 0.9
77.53501239081581
25.03123730550515

num_samples 40000
odeint time:0.2  num_steps:20 last random 0.95
43.014271128851846
25.03123730550515

num_samples 40000
odeint time:0.2  num_steps:20 last random 0.95
19.468285321207738
25.03123730550515

num_samples 4000000
odeint time:0.2  num_steps:20 last random 0.95
285.4173521001675
25.03123730550515

num_samples 40000
odeint time:0.2  num_steps:20 last random 38 
45.558162567903864
25.03123730550515

num_samples 400000
odeint time:0.2  num_steps:20 last random 38 
26.570020099146515
25.03123730550515

num_samples 20000000
odeint time:0.2  num_steps:20 last random 38 
1877.0257456865506
25.03123730550515

num_samples 20000
odeint time:0.2  num_steps:20 last random 39 
29.271608626831508
25.03123730550515
num_samples 200000
odeint time:0.2  num_steps:20 last random 39 
28.28805898928596
25.03123730550515

num_samples 2000000
odeint time:0.2  num_steps:20 last random 39
153.80762196656318
25.03123730550515

num_samples 20000000
odeint time:0.2  num_steps:20 last random 39
598.5100641608338
25.03123730550515

num_samples 400000
odeint time:0.2  num_steps:20 last point
13.838954245609123
25.03123730550515

num_samples 400000*3
odeint time:0.2  num_steps:20 last half
992.5188202184062
25.03123730550515

num_samples 200000
odeint time:0.2  num_steps:20 last half
201.94757262697271
25.03123730550515

num_samples 200000
odeint time:0.2  num_steps:20 last point
22.31153473398468
25.03123730550515
real    5m22.567s
user    5m8.490s
sys     0m12.032s

num_samples 20000
odeint time:0.2  num_steps:20  15-20
6.207395239044907
25.03123730550515

num_samples 20000
odeint time:0.2  num_steps:20  last point
27.82596361308999
25.03123730550515

real    0m34.267s
user    0m29.031s
sys     0m3.877s

num_samples 4000000
odeint time:0.2  num_steps:20 last point
sample mean  [-0.44396923  0.92292738  0.31110577 -0.11262874 -0.56049268 -0.4981839
 -0.82638178  0.58415845 -0.10724586  0.13674071 -1.2090409   0.75838091
  0.47998265 -0.93659317 -0.83834313 -1.05730795 -0.16193289 -0.12911802
  0.14854708 -0.39733114  0.48945376 -0.79013869 -0.46541678 -0.24855884
 -0.10467342  0.09028533 -0.56029981 -0.07613288  0.37515901 -0.99814619
  0.30121408 -0.86240341 -0.88741579  0.80623678  0.93784516  0.44908991
 -0.80496186 -0.46260044  0.13657767  0.01760825]
ground truth  [-0.25091976  0.90142861  0.46398788  0.19731697 -0.68796272 -0.68801096
 -0.88383278  0.73235229  0.20223002  0.41614516 -0.95883101  0.9398197
  0.66488528 -0.57532178 -0.63635007 -0.63319098 -0.39151551  0.04951286
 -0.13610996 -0.41754172  0.22370579 -0.72101228 -0.4157107  -0.26727631
 -0.08786003  0.57035192 -0.60065244  0.02846888  0.18482914 -0.90709917
  0.2150897  -0.65895175 -0.86989681  0.89777107  0.93126407  0.6167947
 -0.39077246 -0.80465577  0.36846605 -0.11969501]
init  [-0.75592353 -0.00964618 -0.93122296  0.8186408  -0.48244004  0.32504457
 -0.37657785  0.04013604  0.09342056 -0.63029109  0.93916926  0.55026565
  0.87899788  0.7896547   0.19579996  0.84374847 -0.823015   -0.60803428
 -0.90954542 -0.34933934 -0.22264542 -0.45730194  0.65747502 -0.28649335
 -0.43813098  0.08539217 -0.71815155  0.60439396 -0.85089871  0.97377387
  0.54448954 -0.60256864 -0.98895577  0.63092286  0.41371469  0.45801434
  0.54254069 -0.8519107  -0.28306854 -0.76826188]
1.8684151438347836
25.03123730550515

num_samples 30000000
odeint time:0.2  num_steps:20 last point
sample mean  [-0.2371862   0.77034313  0.4713578   0.25441771 -0.76169631 -0.78708507
 -0.78823875  0.79350996  0.23041989  0.28593797 -0.83120307  0.74853065
  0.74603056 -0.59347415 -0.73840849 -0.75727237 -0.2482554  -0.12151549
 -0.17786598 -0.365804    0.13525398 -0.59236009 -0.51978774 -0.30881072
 -0.16435375  0.48074116 -0.53026176 -0.13102919  0.04268825 -0.87203271
  0.05473666 -0.68618055 -0.81291374  0.80254511  0.93868815  0.57836582
 -0.36608919 -0.82275256  0.38666905 -0.21744754]
ground truth  [-0.25091976  0.90142861  0.46398788  0.19731697 -0.68796272 -0.68801096
 -0.88383278  0.73235229  0.20223002  0.41614516 -0.95883101  0.9398197
  0.66488528 -0.57532178 -0.63635007 -0.63319098 -0.39151551  0.04951286
 -0.13610996 -0.41754172  0.22370579 -0.72101228 -0.4157107  -0.26727631
 -0.08786003  0.57035192 -0.60065244  0.02846888  0.18482914 -0.90709917
  0.2150897  -0.65895175 -0.86989681  0.89777107  0.93126407  0.6167947
 -0.39077246 -0.80465577  0.36846605 -0.11969501]
init  [-0.75592353 -0.00964618 -0.93122296  0.8186408  -0.48244004  0.32504457
 -0.37657785  0.04013604  0.09342056 -0.63029109  0.93916926  0.55026565
  0.87899788  0.7896547   0.19579996  0.84374847 -0.823015   -0.60803428
 -0.90954542 -0.34933934 -0.22264542 -0.45730194  0.65747502 -0.28649335
 -0.43813098  0.08539217 -0.71815155  0.60439396 -0.85089871  0.97377387
  0.54448954 -0.60256864 -0.98895577  0.63092286  0.41371469  0.45801434
  0.54254069 -0.8519107  -0.28306854 -0.76826188]
0.36013420362712023
25.03123730550515

num_samples 20000
ml time=0.2 num_steps=4 last point
26.8081953115293
25.03123730550515

num_samples 40000
ml time=0.2 num_steps=4 last point
39.7107150422831
25.03123730550515.

num_samples 80000
ml time=0.2 num_steps=4 last point
44.90486004651814
25.03123730550515

num_samples 150000
ml time=0.2 num_steps=4 last point
26.932605637676627
25.03123730550515
real    30m52.918s
user    23m26.798s
sys     12m42.390s

num_samples 3000000
ml time=0.2 num_steps=4 last point
5.4502235364915315
25.03123730550515
sample mean  [-0.57317978  0.63664018  0.30843723 -0.00354292 -0.61281513 -0.82054411
 -0.76839453  0.6006858  -0.06692163  0.01399026 -1.62291997  0.66388704
  0.34203163 -1.34306043 -1.22078231 -1.12494954 -0.5750291  -0.11973801
 -0.31684678 -0.76671777  0.25123889 -1.15457116 -0.65470276 -0.62400292
 -0.37620198 -0.14976529 -0.90576605  0.07765187  0.20879368 -1.30890287
  0.22112523 -0.77042563 -1.35193203  0.56340887  0.28784373  0.00722581
 -1.07819958 -0.93750265  0.16054493 -0.05188613]
ground truth  [-0.25091976  0.90142861  0.46398788  0.19731697 -0.68796272 -0.68801096
 -0.88383278  0.73235229  0.20223002  0.41614516 -0.95883101  0.9398197
  0.66488528 -0.57532178 -0.63635007 -0.63319098 -0.39151551  0.04951286
 -0.13610996 -0.41754172  0.22370579 -0.72101228 -0.4157107  -0.26727631
 -0.08786003  0.57035192 -0.60065244  0.02846888  0.18482914 -0.90709917
  0.2150897  -0.65895175 -0.86989681  0.89777107  0.93126407  0.6167947
 -0.39077246 -0.80465577  0.36846605 -0.11969501]
init  [-0.75592353 -0.00964618 -0.93122296  0.8186408  -0.48244004  0.32504457
 -0.37657785  0.04013604  0.09342056 -0.63029109  0.93916926  0.55026565
  0.87899788  0.7896547   0.19579996  0.84374847 -0.823015   -0.60803428
 -0.90954542 -0.34933934 -0.22264542 -0.45730194  0.65747502 -0.28649335
 -0.43813098  0.08539217 -0.71815155  0.60439396 -0.85089871  0.97377387
  0.54448954 -0.60256864 -0.98895577  0.63092286  0.41371469  0.45801434
  0.54254069 -0.8519107  -0.28306854 -0.76826188]
real    576m52.057s
user    443m55.413s
sys     237m44.036s

num_samples 150000
ml time=0.2 num_steps=4 last half
172.8007233146686
25.03123730550515

num_samples 150000*2
ml time=0.2 num_steps=4 last half
309.8250944491074
25.03123730550515
real    83m58.382s
user    45m38.262s
sys     24m39.719s

num_samples 3000000
ml time=0.2 num_steps=4 last half
4340.741020304181
25.03123730550515